
# TAS for 2100 rpm at wide open throttle and ROP mixture
# Wheel Pants OFF
# TAS     alt
#(kt)    (ft)
159.61  2500
159.14  3000
158.77  3500
158.49  4000
158.25  4500
158.01  5000
157.72  5500
157.48  6000
157.24  6500
157.00  7000
156.77  7500
156.52  8000
156.28  8500
156.04  9000
155.80  9500
155.56 10000
155.15 10500
154.86 11000
154.56 11500
154.26 12000
153.96 12500
153.55 13000
153.21 13500
152.87 14000
152.51 14500
152.16 15000
151.70 15500
151.30 16000
150.89 16500
150.48 17000
150.05 17500
149.62 18000
149.01 18500
148.50 19000
147.97 19500
147.43 20000
146.88 20500
146.31 21000
145.72 21500
144.89 22000
144.20 22500
143.48 23000
142.74 23500
141.97 24000
141.17 24500
140.33 25000
#=============================



# TAS for 2250 rpm at wide open throttle and ROP mixture
# Wheel Pants OFF
# TAS     alt
#(kt)    (ft)
163.96  2500
163.56  3000
163.24  3500
162.99  4000
162.77  4500
162.56  5000
162.30  5500
162.08  6000
161.86  6500
161.64  7000
161.43  7500
161.13  8000
160.88  8500
160.64  9000
160.40  9500
160.15 10000
159.80 10500
159.52 11000
159.24 11500
158.96 12000
158.67 12500
158.28 13000
157.96 13500
157.63 14000
157.30 14500
156.96 15000
156.54 15500
156.17 16000
155.79 16500
155.41 17000
155.01 17500
154.61 18000
154.02 18500
153.54 19000
153.05 19500
152.54 20000
152.03 20500
151.50 21000
150.95 21500
150.17 22000
149.53 22500
148.86 23000
148.18 23500
147.47 24000
146.74 24500
145.97 25000
#=============================



# TAS for 2400 rpm at wide open throttle and ROP mixture
# Wheel Pants OFF
# TAS     alt
#(kt)    (ft)
167.93  2500
167.82  3000
167.65  3500
167.49  4000
167.32  4500
167.16  5000
166.99  5500
166.76  6000
166.58  6500
166.39  7000
166.20  7500
165.86  8000
165.61  8500
165.37  9000
165.12  9500
164.88 10000
164.59 10500
164.32 11000
164.06 11500
163.79 12000
163.53 12500
163.16 13000
162.85 13500
162.54 14000
162.23 14500
161.91 15000
161.54 15500
161.19 16000
160.84 16500
160.49 17000
160.12 17500
159.75 18000
159.18 18500
158.73 19000
158.27 19500
157.80 20000
157.32 20500
156.83 21000
156.33 21500
155.59 22000
154.99 22500
154.38 23000
153.75 23500
153.09 24000
152.42 24500
151.72 25000
#=============================



# TAS for 2550 rpm at wide open throttle and ROP mixture
# Wheel Pants OFF
# TAS     alt
#(kt)    (ft)
172.28  2500
172.21  3000
172.06  3500
171.92  4000
171.77  4500
171.63  5000
171.48  5500
171.30  6000
171.14  6500
170.99  7000
170.83  7500
170.43  8000
170.20  8500
169.96  9000
169.72  9500
169.48 10000
169.26 10500
169.03 11000
168.79 11500
168.56 12000
168.32 12500
167.98 13000
167.71 13500
167.44 14000
167.17 14500
166.89 15000
166.56 15500
166.27 16000
165.96 16500
165.66 17000
165.34 17500
165.03 18000
164.70 18500
164.10 19000
163.70 19500
163.29 20000
162.87 20500
162.44 21000
162.00 21500
161.33 22000
160.81 22500
160.28 23000
159.73 23500
159.16 24000
158.58 24500
157.98 25000
#=============================



# TAS for 2700 rpm at wide open throttle and ROP mixture
# Wheel Pants OFF
# TAS     alt
#(kt)    (ft)
176.03  2500
175.97  3000
175.86  3500
175.68  4000
175.53  4500
175.39  5000
175.24  5500
175.08  6000
174.93  6500
174.78  7000
174.64  7500
174.17  8000
173.91  8500
173.66  9000
173.40  9500
173.14 10000
172.96 10500
172.73 11000
172.50 11500
172.27 12000
172.03 12500
171.70 13000
171.43 13500
171.16 14000
170.88 14500
170.61 15000
170.30 15500
170.01 16000
169.71 16500
169.42 17000
169.11 17500
168.81 18000
168.49 18500
167.88 19000
167.48 19500
167.08 20000
166.67 20500
166.24 21000
165.81 21500
165.16 22000
164.65 22500
164.12 23000
163.59 23500
163.03 24000
162.47 24500
161.88 25000
#=============================



# TAS for 2100 rpm at wide open throttle and LOP mixture
# Wheel Pants OFF
# TAS     alt
#(kt)    (ft)
151.46  2500
151.01  3000
150.63  3500
150.35  4000
150.07  4500
149.82  5000
149.50  5500
149.23  6000
148.96  6500
148.69  7000
148.44  7500
148.16  8000
147.89  8500
147.61  9000
147.34  9500
146.94 10000
146.61 10500
146.27 11000
145.93 11500
145.58 12000
145.23 12500
144.77 13000
144.38 13500
143.98 14000
143.57 14500
143.16 15000
142.63 15500
142.17 16000
141.69 16500
141.19 17000
140.69 17500
140.17 18000
139.46 18500
138.86 19000
138.24 19500
137.59 20000
136.89 20500
136.23 21000
135.51 21500
134.51 22000
133.67 22500
132.79 23000
131.86 23500
130.89 24000
129.86 24500
128.79 25000
#=============================



# TAS for 2250 rpm at wide open throttle and LOP mixture
# Wheel Pants OFF
# TAS     alt
#(kt)    (ft)
155.58  2500
155.20  3000
154.87  3500
154.61  4000
154.36  4500
154.13  5000
153.84  5500
153.60  6000
153.35  6500
153.10  7000
152.86  7500
152.53  8000
152.25  8500
151.97  9000
151.68  9500
151.33 10000
151.02 10500
150.69 11000
150.37 11500
150.04 12000
149.71 12500
149.27 13000
148.89 13500
148.52 14000
148.13 14500
147.73 15000
147.25 15500
146.81 16000
146.37 16500
145.91 17000
145.44 17500
144.96 18000
144.27 18500
143.71 19000
143.12 19500
142.51 20000
141.90 20500
#139.97 21000
140.59 21500
139.66 22000
138.88 22500
138.07 23000
137.22 23500
136.33 24000
135.41 24500
134.44 25000
#=============================



# TAS for 2400 rpm at wide open throttle and LOP mixture
# Wheel Pants OFF
# TAS     alt
#(kt)    (ft)
159.39  2500
159.26  3000
159.06  3500
158.87  4000
158.67  4500
158.48  5000
158.25  5500
158.04  6000
157.82  6500
157.60  7000
157.38  7500
156.99  8000
156.72  8500
156.44  9000
156.16  9500
155.87 10000
155.54 10500
155.24 11000
154.94 11500
154.63 12000
154.31 12500
153.89 13000
153.54 13500
153.18 14000
152.81 14500
152.44 15000
152.00 15500
151.59 16000
151.17 16500
150.75 17000
150.32 17500
149.87 18000
149.21 18500
148.68 19000
148.13 19500
147.57 20000
146.99 20500
146.40 21000
145.78 21500
#146.01 22000
144.18 22500
143.43 23000
142.66 23500
141.85 24000
141.00 24500
140.13 25000
#=============================



# TAS for 2550 rpm at wide open throttle and LOP mixture
# Wheel Pants OFF
# TAS     alt
#(kt)    (ft)
163.51  2500
163.39  3000
163.21  3500
163.04  4000
162.88  4500
162.70  5000
162.50  5500
162.32  6000
162.13  6500
161.93  7000
161.75  7500
161.32  8000
161.04  8500
160.77  9000
160.49  9500
160.22 10000
159.96 10500
159.68 11000
159.41 11500
159.13 12000
158.86 12500
158.46 13000
158.15 13500
157.82 14000
157.49 14500
157.15 15000
156.77 15500
156.42 16000
156.05 16500
155.67 17000
155.29 17500
154.91 18000
154.29 18500
153.81 19000
153.33 19500
152.83 20000
152.31 20500
151.79 21000
151.25 21500
150.45 22000
149.82 22500
#150.30 23000
148.48 23500
147.78 24000
147.04 24500
146.29 25000
#=============================



# TAS for 2700 rpm at wide open throttle and LOP mixture
# Wheel Pants OFF
# TAS     alt
#(kt)    (ft)
167.02  2500
166.92  3000
166.73  3500
166.57  4000
166.40  4500
166.22  5000
166.04  5500
165.85  6000
165.68  6500
165.49  7000
165.31  7500
164.81  8000
164.51  8500
164.22  9000
163.93  9500
163.63 10000
163.41 10500
163.14 11000
162.87 11500
162.58 12000
162.30 12500
161.92 13000
161.60 13500
161.27 14000
160.95 14500
160.62 15000
160.25 15500
159.90 16000
159.53 16500
159.17 17000
158.80 17500
158.42 18000
157.81 18500
157.33 19000
156.85 19500
156.35 20000
155.85 20500
155.33 21000
154.80 21500
154.03 22000
153.40 22500
152.75 23000
#150.68 23500
#151.40 24000
150.68 24500
149.94 25000
#=============================


