
# TAS for 2100 rpm at wide open throttle and ROP mixture
# Wheel Pants ON
# TAS     alt
#(kt)    (ft)
# 163.89  2500
# 163.37  3000
# 162.98  3500
# 162.69  4000
# 162.42  4500
162.17  5000
161.87  5500
161.61  6000
161.35  6500
161.10  7000
160.85  7500
160.58  8000
160.33  8500
160.08  9000
159.82  9500
159.56 10000
159.13 10500
158.82 11000
158.50 11500
158.18 12000
157.85 12500
157.42 13000
157.05 13500
156.68 14000
156.31 14500
155.92 15000
155.44 15500
155.00 16000
154.56 16500
154.11 17000
153.65 17500
153.18 18000
152.53 18500
151.97 19000
151.41 19500
150.82 20000
150.22 20500
149.60 21000
148.96 21500
148.05 22000
147.30 22500
146.51 23000
145.70 23500
144.84 24000
143.96 24500
143.03 25000
#=============================



# TAS for 2250 rpm at wide open throttle and ROP mixture
# Wheel Pants ON
# TAS     alt
#(kt)    (ft)
# 168.36  2500
# 167.93  3000
167.59  3500
167.33  4000
167.09  4500
166.86  5000
166.65  5500
166.36  6000
166.12  6500
165.89  7000
165.66  7500
165.35  8000
165.09  8500
164.83  9000
164.57  9500
164.31 10000
163.94 10500
163.64 11000
163.34 11500
163.04 12000
162.73 12500
162.32 13000
161.97 13500
161.62 14000
161.26 14500
160.90 15000
160.46 15500
160.06 16000
159.65 16500
159.23 17000
158.81 17500
158.37 18000
157.74 18500
157.22 19000
156.69 19500
156.15 20000
155.59 20500
155.01 21000
154.42 21500
153.58 22000
152.88 22500
152.15 23000
151.41 23500
150.63 24000
149.82 24500
148.98 25000
#=============================



# TAS for 2400 rpm at wide open throttle and ROP mixture
# Wheel Pants ON
# TAS     alt
#(kt)    (ft)
# 172.41  2500
# 172.31  3000
# 172.12  3500
# 171.95  4000
# 171.78  4500
# 171.60  5000
171.43  5500
171.19  6000
170.99  6500
170.79  7000
170.59  7500
170.23  8000
169.97  8500
169.71  9000
169.45  9500
169.19 10000
168.88 10500
168.60 11000
168.32 11500
168.04 12000
167.75 12500
167.36 13000
167.04 13500
166.71 14000
166.37 14500
166.03 15000
165.63 15500
165.26 16000
164.89 16500
164.50 17000
164.11 17500
163.71 18000
163.10 18500
162.62 19000
162.13 19500
161.62 20000
161.10 20500
160.57 21000
160.02 21500
159.23 22000
158.59 22500
157.92 23000
157.23 23500
156.52 24000
155.78 24500
155.02 25000
#=============================



# TAS for 2550 rpm at wide open throttle and ROP mixture
# Wheel Pants ON
# TAS     alt
#(kt)    (ft)
# 176.90  2500
# 176.83  3000
# 176.71  3500
# 176.52  4000
# 176.37  4500
# 176.21  5000
# 176.06  5500
# 175.87  6000
# 175.70  6500
# 175.53  7000
175.37  7500
174.96  8000
174.70  8500
174.45  9000
174.20  9500
173.94 10000
173.71 10500
173.46 11000
173.21 11500
172.96 12000
172.71 12500
172.35 13000
172.07 13500
171.77 14000
171.48 14500
171.18 15000
170.84 15500
170.51 16000
170.19 16500
169.86 17000
169.52 17500
169.18 18000
168.83 18500
168.19 19000
167.76 19500
167.32 20000
166.86 20500
166.40 21000
165.92 21500
165.21 22000
164.65 22500
164.07 23000
163.47 23500
162.86 24000
162.22 24500
161.57 25000
#=============================



# TAS for 2700 rpm at wide open throttle and ROP mixture
# Wheel Pants ON
# TAS     alt
#(kt)    (ft)
# 180.76  2500
# 180.71  3000
# 180.59  3500
# 180.40  4000
# 180.25  4500
# 180.09  5000
# 179.94  5500
# 179.77  6000
# 179.61  6500
# 179.45  7000
# 179.29  7500
# 178.82  8000
# 178.54  8500
178.27  9000
178.00  9500
177.72 10000
177.54 10500
177.29 11000
177.04 11500
176.79 12000
176.54 12500
176.19 13000
175.90 13500
175.61 14000
175.32 14500
175.03 15000
174.73 15500
174.39 16000
174.07 16500
173.75 17000
173.43 17500
173.10 18000
172.76 18500
172.11 19000
171.69 19500
171.25 20000
170.81 20500
170.35 21000
169.89 21500
169.19 22000
168.64 22500
168.07 23000
167.49 23500
166.89 24000
166.28 24500
165.64 25000
#=============================



